765
497
415
136
835
756
278
24
576
397
812
935
744
682
8
302
642
384
786
80
774
157
995
387
39
424
427
155
206
134
53
914
32
883
232
878
30
386
341
217
242
701
903
299
751
407
10
37
742
662
144
6
11
24
754
205
833
326
971
391
845
110
102
427
876
464
200
111
238
689
434
328
75
584
37
45
939
347
933
853
571
445
964
893
513
948
723
965
879
672
227
294
973
577
495
217
100
812
629
593
933
618
965
252
654
932
591
855
766
610
176
543
228
603
798
601
29
919
611
887
974
249
704
896
89
16
917
168
122
57
595
721
771
574
363
926
682
11
684
789
934
831
336
246
154
901
58
231
203
256
445
309
874
456
731
287
217
682
677
855
539
984
260
992
528
144
548
792
426
48
974
420
890
524
545
451
393
798
475
461
946
787
221
669
722
217
528
978
703
608
703
955
536
187
441
406
812
530
524
964
560
626
660
809
832
461
104
507
54
178
293
20
473
642
115
270
806
61
974
453
870
212
829
279
857
676
626
222
472
545
627
542
514
129
666
537
403
447
146
1000
433
663
818
567
713
804
704
716
183
972
421
577
770
175
516
584
817
106
94
902
224
298
39
440
704
446
474
750
596
413
95
878
393
838
270
371
423
664
728
91
874
182
210
528
109
265
895
447
204
249
765
806
734
304
370
122
188
56
830
205
855
908
14
852
818
71
249
658
2
246
863
497
905
377
650
145
761
92
737
423
580
471
398
787
94
982
680
843
889
434
527
409
858
46
738
510
139
643
258
535
589
911
859
407
869
368
384
593
12
272
148
986
204
108
372
822
997
961
201
522
706
409
652
409
430
451
228
659
631
575
892
426
490
156
538
845
56
977
822
949
704
661
103
799
275
423
236
21
898
570
462
891
754
483
54
973
854
460
89
750
101
167
345
338
807
864
297
42
753
708
446
376
772
576
529
920
879
682
326
744
243
222
353
593
822
730
429
686
487
299
960
222
611
914
997
283
151
658
645
282
526
539
810
944
219
379
36
370
86
825
157
785
460
193
277
633
880
280
629
400
858
720
387
790
567
698
411
644
619
721
105
824
103
480
380
668
575
40
494
880
968
106
163
409
17
250
732
788
212
251
262
989
514
724
637
190
166
193
325
229
448
617
905
259
235
181
885
314
342
60
805
817
955
337
302
914
684
189
773
795
670
458
135
415
534
933
972
302
432
867
790
169
393
586
363
992
191
791
216
44
299
51
478
468
321
729
215
704
524
214
841
923
874
173
519
528
293
679
21
698
486
642
149
334
684
41
58
231
103
817
96
527
385
735
867
503
343
194
886
56
464
94
38
734
760
951
535
595
87
983
837
137
553
73
909
665
485
286
467
860
73
473
52
715
96
477
243
213
914
860
74
331
536
816
9
313
540
554
439
23
699
676
125
970
750
428
966
110
80
571
697
72
852
876
995
267
586
780
526
645
624
289
33
245
874
729
722
7
887
434
973
150
960
707
942
81
77
577
536
322
815
929
624
433
14
720
46
966
668
501
175
90
671
263
720
744
651
83
507
757
851
620
149
74
702
575
719
857
622
112
516
475
3
577
749
20
763
475
169
186
476
859
269
95
268
403
60
203
49
450
998
948
411
889
590
36
791
325
929
848
46
581
298
246
290
83
184
999
39
192
396
393
936
163
790
792
53
509
429
445
959
119
652
585
439
39
450
979
498
807
290
424
498
857
298
267
986
211
50
362
996
628
994
577
170
458
548
891
967
29
962
768
58
949
152
854
266
643
828
892
510
217
602
804
847
344
868
268
603
208
33
325
293
256
341
161
683
98
487
796
639
874
463
290
176
629
714
35
216
72
46
232
142
779
36
660
29
134
681
582
56
957
309
420
623
863
277
794
852
862
885
794
80
806
546
633
420
964
922
768
384
847
210
411
165
39
661
7
28
817
177
26
603
818
897
219
905
980
216
792
782
390
338
56
473
429
264
285
267
40
12
649
539
756
910
323
218
481
493
732
497
620
970
986
739
671
127
887
96
906
169
732
494
49
944
29
941
808
190
106
184
689
23
214
93
313
842
811
507
944
416
862
578
709
445
497
437
273
277
193
84
538
677
235
438
564
337
361
516
244
211
872
362
592
523
765
857
174
870
246
100
26
395
781
761
288
965
109
956
768
526
467
75
717
149
980
304
739
968
901
832
377
981
669
372
944
790
122
975
215
939
452
327
383
690
164
345
753
357
585
136
361
623
909
278
255
663
803
836
412
434
750
779
389
242
778
681
354
173
143
501
500
522
298
730
20
194
275
409
836
232
201
521
297
447
19
53
395
284
771
311
926
191
638
795
27
62
266
177
952
207
936
638
277
629
824
47
949
631
608
852
467
1
173
458
810
919
44
919
421
679
501
454
251
20
682
290
582
224
725
807
113
59
637
388
178
507
349
508
148
88
945
504
975
754
987
235
391
96
59
559
942
165
939
951
388
780
249
186
22
713
953
550
307
355
833
633
428
951
163
642
304
853
440
691
110
340
698
442
207
190
908
591
877
381
9
827
278
593
209
682
162
439
927
537
34
242
221
157
951
389
5
58
252
362
128
576
861
614
265
334
415
317
631
646
562
676
521
602
44
700
549
693
10
302
866
529
197
183
141
373
733
33
859
597
891
427
269
74
936
56
493
405
636
771
756
631
421
559
405
34
447
617
27
770
193
278
111
804
920
572
59
391
975
281
737
126
656
896
982
179
843
10
673
730
803
113
27
307
983
619
143
107
812
162
703
379
919
59
687
212
520
469
149
133
70
425
617
966
456
802
235
419
558
537
974
658
254
833
190
461
773
609
140
134
520
677
50
925
792
604
633
851
697
603
905
912
139
436
863
464
353
602
74
600
106
697
743
321
715
950
359
415
354
258
3
550
980
900
612
955
518
185
76
949
739
176
641
823
31
180
902
933
484
493
245
699
144
571
115
395
19
399
990
554
137
469
624
175
174
67
782
48
117
560
772
319
458
863
928
157
173
834
239
118
966
760
188
238
989
132
481
4
109
292
463
267
660
366
729
738
437
872
154
932
310
444
479
52
231
131
620
555
359
458
587
880
990
643
687
257
111
628
950
407
141
912
336
888
886
233
685
75
516
246
721
682
877
309
684
977
704
583
852
658
626
15
239
351
401
819
308
80
225
785
956
343
770
670
926
871
628
275
569
195
833
261
601
161
854
854
929
202
459
316
17
775
325
831
296
928
164
637
84
740
180
249
923
386
735
645
754
208
889
63
758
106
596
844
164
980
116
447
628
355
728
510
276
960
876
11
654
427
643
91
485
430
935
150
970
27
935
98
864
40
464
890
816
318
762
714
121
510
58
595
379
629
927
534
55
650
428
543
440
734
888
323
421
404
914
784
786
402
922
615
719
258
989
215
126
434
257
228
883
389
932
808
453
500
112
434
809
640
803
650
266
123
401
125
544
375
175
887
271
607
994
848
546
89
811
876
637
838
423
480
902
901
954
896
552
318
771
422
919
634
733
30
653
62
37
286
546
318
249
163
199
746
428
71
571
481
301
36
61
755
160
537
39
848
825
338
634
787
932
405
794
218
770
369
576
245
532
842
584
69
705
419
224
23
606
916
672
835
410
751
106
775
477
297
417
824
379
795
160
370
212
181
375
316
113
626
210
965
470
684
514
179
435
687
135
706
34
553
978
653
625
941
914
345
878
504
86
187
187
22
606
507
305
32
695
950
966
681
725
676
738
706
908
478
383
15
654
259
861
304
222
934
617
25
477
681
4
282
747
230
589
877
801
583
485
129
179
936
836
241
423
570
914
99
798
842
337
495
188
234
862
923
548
165
504
301
982
307
156
481
636
681
469
662
236
218
481
393
560
259
761
96
360
27
492
417
88
219
233
377
870
527
705
897
789
298
229
710
856
955
154
78
772
916
962
618
875
945
333
926
828
775
316
665
741
521
485
68
819
696
48
337
58
850
266
32
396
817
800
568
717
757
230
218
896
507
815
213
52
598
94
759
431
761
166
564
75
488
803
20
54
670
994
966
711
471
339
926
591
772
933
712
10
802
36
961
412
612
39
136
94
877
880
305
518
499
837
392
70
695
846
170
351
846
803
81
21
288
835
339
28
569
894
909
939
365
265
363
416
937
573
27
483
758
821
60
570
507
940
735
741
709
335
616
926
209
917
797
295
236
958
770
727
61
285
359
891
684
42
63
655
721
221
263
636
903
269
987
636
307
614
364
233
247
420
752
205
130
10
839
998
829
241
701
246
723
519
350
428
417
709
539
181
542
744
915
288
255
450
390
656
907
99
408
763
291
208
964
724
969
595
203
286
205
75
85
642
468
559
43
976
846
445
568
818
985
519
932
971
485
625
820
242
696
966
567
953
802
749
71
996
175
422
899
507
731
234
259
34
336
997
200
59
970
852
260
236
498
220
961
549
857
987
8
23
268
775
405
961
960
96
222
444
108
551
239
896
975
204
989
477
642
912
586
40
620
910
759
160
672
151
67
744
190
49
627
623
129
873
13
783
776
775
835
788
989
951
157
206
201
997
263
927
901
338
835
626
609
958
937
926
438
983
707
734
355
575
207
221
650
299
996
824
674
694
485
700
66
50
196
470
297
274
640
292
679
576
74
581
8
818
173
966
911
639
323
35
363
131
277
430
113
135
552
569
88
213
485
138
18
666
889
890
20
770
505
73
511
617
863
634
775
285
986
128
461
656
80
619
354
1
798
207
968
626
717
800
704
718
761
452
623
477
805
479
993
96
635
249
78
995
685
892
729
976
709
545
539
443
109
318
359
749
152
942
12
887
384
941
237
347
969
900
376
951
290
757
480
285
566
990
533
617
72
123
881
376
963
630
540
433
391
963
404
827
257
500
591
117
319
348
514
708
159
300
633
367
533
416
983
765
708
871
226
524
461
832
471
801
44
647
739
868
939
237
804
56
198
500
844
819
128
489
22
833
628
949
960
966
236
848
670
282
825
789
386
4
916
671
800
704
554
475
880
674
238
723
657
713
443
430
753
537
949
476
573
868
975
861
428
703
705
989
253
692
160
466
578
361
940
696
261
174
275
428
467
162
305
618
939
277
93
196
165
694
673
570
124
893
12
999
158
770
548
448
833
389
72
993
131
829
533
691
349
548
893
786
598
461
854
492
736
121
821
417
676
268
298
85
13
921
495
924
789
645
107
497
115
138
339
563
354
198
186
878
481
521
511
730
522
2
402
500
482
243
120
861
98
893
981
889
917
406
782
810
900
188
477
339
71
255
898
750
423
287
628
979
219
76
647
363
393
824
548
236
746
481
890
651
224
638
565
514
784
416
827
99
651
129
942
856
528
606
488
369
399
631
199
668
700
775
734
90
809
257
578
531
34
653
269
487
417
601
437
409
945
706
409
522
157
784
291
192
240
439
708
628
860
98
566
422
38
772
747
324
518
387
85
681
307
181
53
97
550
760
378
993
736
354
126
980
198
852
658
746
438
585
518
549
68
295
161
538
906
567
295
210
148
971
929
261
61
998
530
143
793
829
768
246
512
907
626
128
890
773
819
129
408
387
825
680
453
653
52
439
386
376
931
39
739
24
968
138
874
429
508
441
585
246
96
322
902
483
885
477
745
327
88
685
440
214
24
371
231
661
640
241
754
685
916
433
876
444
171
184
910
249
755
251
157
858
621
295
697
684
989
799
121
520
298
842
185
424
583
759
403
579
483
698
693
269
613
878
849
941
725
401
951
159
140
686
80
400
527
129
71
54
930
748
251
49
439
44
368
464
398
828
15
976
474
256
354
305
977
896
953
464
278
601
979
193
115
667
91
703
704
212
267
606
468
652
347
870
267
222
887
160
633
734
292
148
32
37
428
681
605
511
164
591
751
663
850
140
925
466
103
28
514
154
246
577
707
415
49
928
145
729
971
215
125
926
582
87
343
696
169
436
343
596
350
465
787
969
422
483
802
712
932
253
238
475
357
118
6
141
72
255
639
81
766
986
433
756
680
967
547
621
139
823
448
788
93
763
824
199
291
906
92
293
941
72
580
224
668
370
431
136
169
623
695
909
934
516
219
968
105
807
784
441
58
258
700
743
642
50
88
950
782
343
797
6
875
775
345
374
211
406
119
349
421
654
474
299
570
475
490
998
314
237
598
62
158
652
523
583
303
128
172
992
523
242
87
739
973
69
659
133
61
57
995
628
423
325
960
30
105
379
755
220
766
708
696
860
517
920
226
532
184
693
681
246
834
860
478
276
197
519
330
267
699
283
666
59
81
449
887
463
399
962
151
186
951
247
176
643
965
785
539
909
866
360
612
130
349
629
755
693
689
529
614
390
592
735
785
476
72
571
366
118
438
615
570
439
69
295
389
758
831
230
3
131
922
624
75
75
29
939
16
778
521
410
838
973
239
734
100
598
382
69
64
187
416
75
539
116
756
742
897
139
88
993
508
704
289
61
750
857
692
554
676
906
223
195
106
426
367
861
78
550
215
711
938
114
87
592
969
724
614
494
835
649
568
18
466
579
812
849
309
19
571
433
335
743
228
274
898
278
523
164
101
524
98
434
246
72
990
895
708
169
270
220
168
596
428
517
264
144
672
940
76
721
437
173
569
838
639
723
784
277
841
672
517
547
52
350
162
172
901
438
783
878
248
796
411
775
760
865
11
683
897
278
948
907
511
609
599
177
392
745
963
487
246
187
630
100
696
212
545
841
578
699
571
363
491
301
431
401
429
733
626
496
231
535
358
988
90
319
399
811
913
849
363
355
37
752
271
772
197
440
285
481
498
344
700
555
49
162
726
282
735
112
129
680
716
152
259
400
866
821
931
298
969
358
653
344
2
839
78
181
959
620
37
62
981
283
120
690
998
200
921
852
842
83
149
750
41
324
608
10
163
417
956
400
142
976
857
285
338
3
438
310
477
74
343
167
623
949
177
436
19
528
696
26
232
564
464
682
629
798
928
74
715
983
525
395
922
918
711
965
413
680
901
455
581
928
272
969
795
808
294
847
469
537
530
694
425
447
925
135
976
158
471
381
54
10
504
344
926
630
214
19
95
685
639
425
702
1
215
371
394
732
353
492
651
159
163
861
54
384
693
639
162
347
678
69
412
874
821
181
748
600
895
417
307
676
229
702
236
523
563
336
717
906
77
356
336
576
832
488
289
754
269
28
793
58
209
148
874
279
41
525
615
64
728
452
196
548
677
6
656
375
542
652
681
127
409
934
788
820
333
340
960
941
364
948
384
426
553
765
993
883
194
918
731
252
182
86
450
864
303
64
32
493
965
199
501
440
42
766
105
337
548
298
71
892
839
783
988
777
194
175
901
593
629
441
266
890
917
916
100
66
98
63
128
615
909
274
88
296
22
901
352
578
106
266
620
226
738
384
409
370
166
288
134
49
21
342
864
634
166
791
964
8
972
738
918
997
559
143
255
696
954
903
725
880
697
412
607
375
456
594
980
363
396
547
149
599
594
900
822
296
420
146
122
691
843
144
857
378
629
743
449
128
960
160
694
512
968
893
26
6
812
292
484
625
643
593
58
368
344
162
373
257
418
274
618
263
792
133
180
146
390
3
36
249
168
168
108
552
576
582
96
107
609
833
437
55
751
302
264
259
936
155
994
401
648
562
931
438
752
12
762
414
679
495
162
999
553
750
176
996
428
960
858
38
878
153
749
432
696
247
571
527
232
480
534
270
351
287
751
38
695
394
538
412
506
293
289
656
344
524
258
465
712
461
84
222
873
578
759
867
254
583
676
114
86
66
687
581
859
207
634
672
793
395
217
744
160
833
743
525
901
205
354
263
410
903
273
667
462
837
427
247
731
162
819
1000
1000
280
570
64
245
152
837
859
151
85
427
891
204
402
206
911
613
835
407
515
562
746
322
160
229
66
671
850
826
59
321
84
63
60
429
536
139
911
865
970
778
306
204
711
411
541
210
749
803
408
307
689
208
532
18
200
671
203
557
540
957
897
173
838
610
842
276
269
880
621
600
807
634
163
726
634
934
245
514
145
1
219
534
861
666
948
71
22
275
439
774
762
683
919
759
694
913
782
17
639
225
196
474
453
439
249
317
10
834
727
481
223
207
417
701
412
975
479
202
145
326
640
337
843
703
349
1000
154
676
814
459
203
458
214
788
785
371
430
933
576
526
553
554
630
923
95
282
716
450
678
306
799
428
79
201
807
593
555
337
849
739
512
101
654
693
977
672
183
365
356
503
514
402
940
250
793
797
700
288
896
809
891
240
349
534
199
564
968
919
581
824
758
720
310
390
325
801
646
990
650
847
829
140
965
274
448
175
497
996
786
922
829
446
108
287
933
759
394
446
472
796
759
324
502
207
737
41
242
69
243
238
632
319
981
322
222
450
388
290
483
411
297
846
479
742
421
458
227
93
685
792
697
427
197
41
246
185
295
279
929
949
365
643
659
245
388
927
143
251
722
172
678
666
572
688
843
859
307
475
941
951
757
875
580
873
965
691
221
275
690
651
468
335
16
187
751
364
271
749
956
883
459
810
700
199
264
688
747
754
78
902
142
480
29
547
458
955
629
147
722
596
280
880
371
678
4
901
794
843
489
609
67
166
746
174
31
595
740
555
399
190
764
857
671
204
534
164
46
538
899
345
884
892
86
402
275
270
760
588
103
673
105
417
704
686
263
305
456
857
693
209
431
688
625
791
827
580
594
418
393
523
983
857
142
596
787
2
407
38
818
642
956
561
93
777
175
592
318
118
706
988
12
958
694
253
127
492
451
836
248
95
174
89
858
195
465
699
786
222
716
211
353
881
317
753
992
223
340
480
500
210
910
285
142
309
643
554
398
84
553
278
827
667
354
312
86
187
941
795
408
886
327
818
40
168
266
979
340
950
745
531
859
331
297
921
489
903
579
801
150
41
771
173
750
812
871
379
933
908
33
681
657
631
996
769
987
904
525
302
809
24
514
349
705
157
906
951
830
834
703
12
875
616
795
45
548
148
465
688
315
258
710
866
571
752
32
378
824
610
708
637
916
30
82
484
848
89
469
759
850
991
826
252
261
472
203
172
181
612
154
620
115
210
587
116
720
654
952
2
700
740
843
697
702
932
533
86
540
111
734
369
478
957
936
14
588
334
411
246
746
350
65
593
677
128
853
16
441
519
742
240
248
346
269
351
762
796
553
417
219
566
895
175
864
4
244
60
471
336
426
643
985
427
702
519
693
239
933
96
36
799
951
851
906
778
370
301
879
886
588
131
795
241
967
198
266
555
214
66
634
120
196
707
845
50
494
540
294
735
474
506
907
132
873
796
892
994
629
270
701
370
617
754
465
499
31
266
956
856
56
356
159
70
732
552
320
585
575
996
973
789
249
539
779
983
323
684
158
780
111
164
65
57
750
703
700
372
482
945
664
866
155
378
735
454
479
354
169
767
138
987
397
762
291
13
233
70
871
75
744
12
55
696
225
544
711
745
894
7
270
326
234
974
658
795
31
421
469
814
505
325
61
56
961
574
347
753
84
31
729
181
748
355
316
450
774
384
727
363
139
769
950
578
955
243
799
254
753
323
125
488
63
55
762
851
313
800
81
101
322
841
380
302
801
375
390
425
602
784
45
845
988
760
630
923
258
41
639
329
416
334
430
574
595
277
494
293
197
375
897
472
896
433
799
967
933
961
222
189
123
267
470
426
779
657
494
55
898
702
176
616
512
625
918
163
260
6
849
818
93
1000
307
220
838
577
317
522
955
361
309
845
922
50
939
855
30
50
755
908
319
66
99
322
956
629
243
504
144
834
685
422
89
896
7
57
201
341
888
170
35
966
610
545
194
791
105
860
672
336
64
655
400
932
846
371
793
192
690
278
735
785
103
685
44
72
509
363
375
978
318
178
126
477
724
159
235
456
57
216
758
787
231
611
648
393
220
751
542
963
598
494
783
484
829
518
175
51
134
47
248
355
205
695
739
528
479
870
3
298
59
769
134
149
147
707
479
664
875
356
380
3
230
332
845
510
652
535
119
180
221
104
296
482
791
740
959
134
133
898
638
783
251
172
438
804
393
850
308
823
291
527
665
341
899
305
303
206
663
678
591
814
548
561
861
501
506
431
768
242
159
644
469
113
195
545
18
206
590
101
150
685
569
43
189
610
364
965
351
939
247
917
998
754
579
919
840
559
15
253
829
561
160
338
953
357
125
189
728
674
474
495
311
467
689
893
616
785
900
514
161
591
715
335
528
51
477
614
230
943
428
508
892
628
743
747
945
218
104
531
696
768
386
453
438
957
825
269
823
214
785
936
318
390
32
382
686
151
621
660
313
446
159
259
311
569
208
869
976
143
408
408
83
72
716
34
678
918
755
740
351
66
719
207
266
373
679
180
718
786
473
540
741
400
230
900
777
735
718
290
92
116
154
403
446
134
322
740
945
204
906
322
604
898
560
945
637
980
56
574
20
957
844
290
626
893
634
546
477
823
833
314
937
992
450
537
809
290
86
126
225
157
197
955
699
934
7
565
473
635
514
654
471
914
211
428
496
217
844
42
555
843
513
915
460
955
600
622
148
479
318
129
354
528
381
471
526
770
73
938
92
39
869
500
503
622
805
235
85
288
271
652
491
332
831
199
206
823
829
8
277
871
670
151
906
615
942
132
232
986
769
524
645
550
498
846
753
528
462
75
578
109
790
560
500
125
886
782
696
240
103
740
928
989
539
150
942
402
275
927
42
380
867
245
205
289
833
163
789
485
645
448
306
544
357
150
281
969
853
290
544
295
44
736
763
213
599
112
374
897
192
179
51
250
521
242
643
476
446
911
9
69
843
250
755
162
885
934
983
797
104
583
795
174
539
873
828
654
831
858
349
159
260
661
484
699
677
171
469
452
601
626
841
321
349
842
451
457
136
695
573
144
552
744
945
31
379
206
582
967
134
537
956
393
393
273
483
151
596
672
314
611
175
698
395
281
359
612
948
953
217
658
565
872
53
244
127
474
186
134
220
745
236
523
417
605
155
769
20
765
626
678
912
454
136
423
571
223
635
356
170
263
596
377
699
873
360
727
880
747
637
540
946
901
475
258
466
470
616
607
380
827
74
752
249
75
909
508
11
256
176
747
394
927
368
54
416
126
157
444
695
383
213
189
620
290
502
875
349
400
375
419
706
202
151
929
809
922
753
22
930
893
912
457
407
848
598
453
722
222
753
612
775
384
303
749
254
535
527
51
484
933
370
55
951
381
961
171
880
540
365
792
908
323
5
772
84
356
178
656
100
237
971
118
764
613
349
912
641
785
272
547
85
493
258
382
534
244
65
787
80
362
599
799
146
111
128
851
727
72
431
672
857
184
934
632
398
948
868
611
913
117
632
776
424
917
171
81
27
509
447
848
670
655
100
858
443
104
101
416
379
12
802
484
935
663
949
92
79
303
729
586
416
955
8
432
241
518
356
447
764
929
975
241
646
372
359
524
811
275
227
67
465
835
899
17
869
852
920
965
562
318
759
196
293
802
597
948
17
368
737
232
304
995
411
210
471
909
409
491
609
304
618
893
119
466
469
181
36
92
905
809
35
323
859
13
8
298
190
278
815
846
667
709
134
73
110
790
398
637
239
650
564
501
935
832
849
541
705
635
72
865
540
831
655
349
651
477
87
206
674
897
99
805
329
306
772
432
584
428
925
150
838
185
644
29
549
701
892
746
959
609
215
51
413
465
57
865
919
426
307
997
431
263
194
313
507
916
82
773
934
71
229
869
129
794
142
396
629
845
178
295
729
204
559
4
48
721
61
803
273
750
804
850
382
699
645
255
552
569
993
220
406
903
108
198
292
926
534
998
41
869
48
944
673
860
120
64
44
842
655
118
312
243
436
374
40
730
850
12
242
860
392
71
460
483
343
980
614
141
844
205
937
506
729
178
599
133
578
936
643
820
249
688
391
528
467
190
490
429
236
464
89
665
59
442
814
544
355
992
575
932
926
866
129
541
15
994
346
900
113
392
697
398
305
101
907
992
444
938
337
926
477
482
226
669
202
248
158
324
203
532
308
465
224
18
317
309
238
831
173
124
281
965
648
736
436
766
9
441
277
560
552
280
118
622
183
20
544
340
688
574
252
562
935
183
29
87
307
727
494
450
939
636
586
178
338
28
159
231
120
650
469
233
586
20
601
498
28
857
418
684
664
521
661
757
239
474
94
369
965
144
917
639
59
627
394
715
242
50
725
171
219
538
510
990
704
19
683
641
807
791
122
803
20
110
420
912
417
16
968
481
453
773
134
533
404
794
697
886
600
697
389
161
8
56
311
463
639
940
638
683
535
677
532
878
367
343
115
834
362
815
661
914
656
400
228
546
565
347
529
550
183
588
216
68
767
667
529
376
97
823
450
296
313
767
369
528
475
59
297
465
799
925
377
18
205
39
773
516
542
897
540
49
197
354
37
403
429
515
874
545
987
141
216
771
502
611
430
13
778
379
994
586
36
68
710
176
259
159
515
670
673
57
519
323
412
904
959
57
606
248
515
193
243
184
583
610
92
672
205
898
640
330
845
633
680
153
391
358
540
230
78
48
470
38
350
576
344
982
65
748
598
432
911
570
21
413
62
559
75
751
494
487
676
122
83
243
873
704
797
418
945
884
439
535
149
715
929
330
671
416
776
654
155
658
65
186
646
712
858
535
232
721
227
850
879
964
906
698
604
511
523
636
763
675
727
809
304
288
35
257
875
726
483
696
60
85
968
752
860
274
154
34
591
487
72
241
863
259
11
726
639
774
492
770
126
767
895
640
996
632
294
205
290
422
260
20
100
533
440
393
830
872
784
277
206
613
466
933
524
147
978
986
395
419
950
144
941
422
189
440
850
891
735
190
305
175
955
716
811
455
324
947
159
715
896
796
653
334
223
907
892
700
45
254
381
195
925
708
993
575
946
74
324
161
705
685
148
74
40
595
786
405
271
789
149
502
51
775
882
795
259
539
422
732
753
351
426
496
17
960
81
85
846
568
560
842
715
635
948
668
46
193
577
322
307
841
639
845
641
391
101
934
731
684
828
816
372
859
367
597
914
35
513
491
410
27
294
483
273
734
354
681
798
707
551
958
341
627
307
744
943
670
132
435
8
748
222
364
161
542
256
467
25
212
465
233
532
563
948
533
610
328
10
798
777
945
178
46
14
852
580
185
172
650
878
249
793
166
424
646
393
293
40
718
561
873
542
700
686
863
223
208
367
854
664
825
247
660
321
768
609
225
119
842
101
304
927
901
404
726
155
527
993
738
654
404
371
634
272
566
961
579
216
871
723
495
148
365
476
72
854
730
695
44
346
677
278
479
916
505
179
573
604
625
586
311
836
154
562
676
335
192
394
153
137
397
221
918
223
445
12
411
803
166
404
690
55
291
738
983
375
192
907
652
89
383
471
418
821
883
207
354
779
76
102
903
356
547
359
986
674
659
510
134
478
946
519
691
209
7
615
832
978
989
925
995
371
626
206
912
812
602
313
285
293
613
551
613
53
426
864
556
20
271
73
756
670
631
237
241
522
32
617
122
850
750
803
601
810
710
789
261
329
7
267
70
253
769
978
531
322
913
639
373
286
868
113
378
128
442
149
916
889
714
120
513
456
591
228
803
856
185
559
117
437
292
230
435
761
944
304
669
771
112
655
626
209
840
942
727
428
73
900
954
284
53
93
419
254
899
1
847
693
147
576
289
72
459
581
828
852
947
681
825
641
853
158
995
899
818
985
915
430
754
755
114
808
764
752
851
746
424
855
873
831
475
112
514
655
224
204
745
84
483
159
284
730
408
772
400
689
377
125
844
605
383
765
862
73
369
50
583
725
607
165
405
93
658
759
523
185
824
964
387
328
336
492
326
569
790
840
307
693
313
321
330
722
919
871
605
903
2
962
222
449
209
950
215
72
547
545
800
608
225
400
10
856
876
509
276
407
195
652
547
528
892
482
821
573
27
578
923
520
781
971
421
770
790
888
659
716
728
496
243
662
97
615
530
444
633
64
792
715
71
344
702
957
655
272
42
651
305
940
624
647
156
627
316
506
632
895
520
523
864
68
595
615
802
652
342
892
680
186
62
471
463
817
3
871
538
477
804
819
10
977
951
863
829
906
168
130
10
450
839
829
651
956
35
775
115
535
92
260
408
901
155
155
52
145
168
747
363
294
234
938
769
517
930
229
633
692
248
607
330
361
608
314
904
864
440
59
877
927
528
533
691
736
371
215
538
605
330
532
724
440
194
834
729
742
923
165
26
432
570
447
598
150
688
723
23
996
108
410
10
595
527
339
782
416
445
826
512
589
204
684
830
68
334
604
287
784
584
922
539
941
243
89
483
607
950
345
14
97
827
57
408
279
415
285
505
402
371
466
501
249
338
370
707
686
498
662
65
403
904
934
217
692
217
659
35
623
44
815
710
588
728
354
820
274
735
655
280
874
80
250
981
35
311
2
570
127
130
901
564
356
573
464
954
190
823
220
690
621
88
719
980
889
82
65
801
997
64
924
135
534
546
416
328
281
834
816
484
866
425
409
976
589
799
991
136
800
464
900
680
321
15
476
540
905
711
14
614
350
999
672
289
460
76
671
596
660
308
558
650
509
546
201
854
437
215
124
293
999
334
74
791
334
284
897
601
403
467
397
548
686
670
972
213
333
605
656
183
736
312
763
912
327
25
622
396
503
243
80
903
19
624
88
56
794
958
382
253
445
165
854
805
798
490
362
454
432
646
391
883
796
178
682
736
133
938
140
235
337
827
706
806
875
702
752
528
850
994
35
120
715
89
411
794
261
752
163
976
65
162
138
114
974
117
476
450
649
997
323
145
670
905
83
774
726
362
365
201
984
373
741
310
872
286
189
324
74
191
422
712
207
703
437
678
475
932
661
697
6
142
507
884
808
501
601
720
847
558
301
218
691
101
684
295
971
718
314
628
808
929
155
952
507
979
623
812
214
442
912
190
660
107
333
321
389
405
884
74
217
191
920
968
338
151
875
101
656
220
542
52
745
402
528
613
162
552
80
456
244
795
982
645
131
261
709
230
414
123
811
566
817
421
768
591
782
119
535
429
626
207
407
263
757
466
988
169
26
459
668
719
530
329
449
801
787
949
154
756
59
427
352
783
757
500
86
150
351
805
109
778
777
805
389
913
162
692
640
249
741
492
601
492
571
260
746
856
572
12
167
726
232
671
152
432
482
940
320
544
304
868
666
378
687
938
289
780
761
835
984
74
445
733
798
913
302
831
942
441
493
171
525
195
541
436
212
456
587
390
114
229
355
131
26
793
215
943
554
211
239
871
555
682
231
60
842
764
164
591
147
843
733
605
295
117
712
416
61
497
830
813
176
562
388
72
745
675
451
833
854
528
803
759
24
640
895
174
865
655
373
755
956
341
329
169
691
784
347
516
225
932
244
693
438
332
433
922
327
187
785
673
357
599
691
410
9
661
940
35
754
360
909
739
100
920
614
111
491
320
582
751
973
838
216
556
489
805
174
167
632
674
532
146
520
376
896
285
822
977
748
224
311
850
408
104
309
54
525
689
696
507
423
75
192
398
542
499
725
291
34
892
240
153
725
482
711
570
45
694
90
281
520
378
318
276
225
479
404
939
849
2
520
145
838
198
890
613
672
654
99
716
309
532
726
133
474
978
605
354
264
608
48
727
131
257
676
896
735
109
620
548
24
849
4
432
410
439
231
851
131
451
920
251
894
33
105
342
620
354
511
468
747
468
38
240
144
922
216
279
967
194
572
24
493
246
856
185
150
509
253
181
994
758
37
784
523
827
667
75
459
731
861
725
574
810
585
904
641
716
406
741
312
451
917
751
201
270
25
341
465
539
874
461
439
608
891
325
369
119
344
978
832
645
995
89
933
765
183
654
496
60
638
856
771
548
133
424
692
933
657
371
280
411
791
52
9
918
146
827
496
852
374
307
645
298
758
265
607
120
893
448
403
297
643
379
900
804
914
416
103
876
692
604
907
479
145
233
843
784
403
490
423
27
154
547
612
738
55
201
720
356
548
472
120
499
459
651
628
157
500
274
698
217
450
400
22
280
884
217
546
125
928
477
2
576
773
920
676
831
583
574
392
166
946
499
449
839
408
33
295
234
86
423
950
224
311
271
508
5
966
53
632
804
902
210
711
289
469
71
153
912
885
288
233
132
60
811
330
86
928
646
574
827
720
737
280
9
241
568
554
713
261
141
102
921
359
828
982
267
702
867
958
462
121
777
849
477
854
17
410
529
272
15
349
782
22
283
763
179
914
399
536
947
348
80
445
196
684
285
895
297
392
887
244
113
184
653
188
334
206
518
515
260
997
101
165
164
429
390
86
665
443
520
76
350
829
28
593
282
24
711
694
475
658
974
487
262
681
819
396
457
935
427
770
306
572
255
498
663
120
351
523
449
613
735
675
62
951
412
891
728
113
733
975
93
590
363
586
664
917
410
634
324
683
615
867
545
319
154
561
414
793
920
115
8
2
80
345
923
119
3
663
63
127
602
523
874
802
86
339
805
562
542
734
59
720
967
731
417
728
439
351
663
823
504
476
335
39
73
471
698
28
841
766
170
48
841
661
372
889
442
580
314
703
682
134
462
857
262
545
477
135
166
149
498
343
105
656
139
53
669
644
70
848
465
502
729
84
926
546
787
103
77
449
983
5
286
781
867
988
740
944
456
865
279
261
411
771
60
326
271
551
366
723
546
1
327
75
277
493
796
124
620
69
378
505
541
180
782
663
747
734
496
54
212
293
870
824
515
219
889
559
411
867
175
206
995
264
326
477
98
945
976
446
645
99
202
541
43
789
592
198
259
501
384
626
690
400
887
115
757
201
566
829
245
579
141
797
430
933
66
434
920
725
290
145
600
963
204
28
109
790
227
587
82
699
73
358
27
586
387
552
755
1000
294
505
558
415
106
787
329
289
333
890
839
92
102
529
862
342
952
282
820
388
416
447
188
324
800
341
997
639
592
931
447
520
234
535
849
253
935
909
577
280
683
921
226
870
852
537
6
129
940
522
243
944
19
720
86
991
215
538
596
785
718
398
244
5
451
74
172
541
635
115
958
896
225
519
775
755
223
174
668
953
670
360
846
936
130
173
78
692
741
660
885
273
444
72
796
872
58
529
211
476
180
856
968
657
688
311
120
68
373
848
949
982
363
464
169
689
5
826
109
692
178
975
7
827
3
96
59
888
189
590
509
873
648
433
905
492
720
158
483
799
928
407
778
320
775
673
673
158
398
326
283
286
274
489
298
938
378
3
350
280
647
539
37
606
903
625
663
280
862
265
429
559
920
775
424
756
280
93
301
882
50
572
944
860
299
937
967
317
698
813
93
276
841
898
155
246
997
420
96
677
67
293
985
254
817
498
210
907
589
312
829
183
780
713
689
628
296
804
176
60
289
212
236
437
146
241
339
817
992
634
876
257
202
491
955
278
807
127
719
474
220
656
964
166
836
689
341
92
702
581
30
387
621
833
435
117
507
727
810
719
697
212
433
722
601
422
475
782
302
271
225
479
997
633
210
362
880
556
269
229
217
980
359
186
493
27
56
369
934
700
862
586
817
588
502
607
762
925
935
922
356
733
474
881
946
904
825
474
543
673
464
300
669
439
143
234
702
160
848
730
375
720
722
834
704
153
292
721
215
993
519
722
179
464
900
840
411
212
453
477
981
443
555
489
519
851
124
622
805
674
499
429
939
51
684
230
21
56
341
163
173
526
255
425
906
47
169
588
781
594
556
693
238
389
209
208
212
491
472
122
53
896
2
393
853
666
804
952
339
493
939
954
487
470
163
941
419
587
641
215
741
540
231
937
903
56
203
643
416
839
648
562
593
816
113
346
117
67
324
195
374
768
652
652
795
591
266
561
838
439
636
923
178
210
151
16
109
620
425
102
208
382
872
687
473
741
629
819
820
230
339
125
106
531
69
864
170
879
42
865
854
620
935
913
187
792
306
234
402
886
905
208
767
774
739
235
787
768
919
495
646
742
596
748
571
143
699
791
607
29
369
206
82
389
232
453
464
203
913
833
825
76
275
84
325
7
162
54
973
632
965
754
725
700
458
295
332
375
512
987
530
614
810
696
187
202
77
398
528
878
792
538
461
265
306
38
518
154
155
6
781
107
928
218
585
310
203
25
810
54
764
807
322
598
459
155
455
644
299
507
94
231
862
782
144
562
753
208
584
788
609
856
57
370
908
671
478
797
835
814
970
607
429
242
578
367
705
279
475
564
449
111
254
902
181
493
374
730
276
599
899
808
147
754
335
910
342
594
346
570
977
400
276
797
684
275
858
31
740
802
655
158
422
542
854
890
334
271
196
214
522
376
846
248
344
248
860
878
604
827
615
981
210
490
30
725
13
133
523
484
684
845
722
962
2
784
763
281
730
939
199
394
554
45
625
749
307
323
805
498
100
451
888
754
393
659
602
505
226
551
225
926
53
134
920
142
715
728
846
338
41
751
734
87
264
504
330
690
760
353
276
180
175
372
259
993
963
947
684
51
860
455
336
311
131
812
757
219
760
551
843
913
99
330
11
745
46
218
698
17
228
15
72
99
634
15
396
915
89
499
371
496
321
822
194
319
832
43
296
79
657
623
381
183
158
482
668
742
23
285
962
844
958
913
69
777
115
502
523
578
571
625
396
884
100
564
514
960
846
792
861
762
804
907
562
633
804
333
820
582
201
549
51
342
647
922
722
234
768
845
803
622
200
509
21
364
730
692
620
746
144
758
123
495
833
618
73
691
37
597
603
384
515
929
91
318
836
79
878
371
661
392
720
713
550
69
28
997
697
443
498
405
800
253
316
64
74
425
757
335
201
416
387
256
762
823
679
87
234
143
933
816
646
183
100
251
180
184
89
53
59
4
338
856
686
219
101
435
351
564
625
537
717
185
137
223
327
652
930
303
544
542
382
803
254
8
819
265
776
102
440
293
16
972
112
518
987
5
299
835
261
564
723
91
126
859
883
471
15
845
347
300
930
190
100
449
383
609
112
764
496
518
41
679
611
408
133
633
622
844
725
925
261
35
568
826
122
991
697
96
200
549
491
774
794
404
875
718
871
306
669
139
890
805
410
574
88
808
866
936
214
172
129
936
432
883
583
374
641
147
565
240
612
397
584
444
287
571
790
737
433
444
664
409
803
267
568
907
392
258
540
75
402
36
270
812
543
616
406
364
232
980
648
769
831
69
565
932
357
691
404
828
780
975
947
5
657
33
392
476
351
833
149
735
30
576
788
249
331
206
193
620
874
923
732
466
283
373
233
318
638
431
841
358
449
202
212
904
690
18
753
897
861
101
436
886
43
9
687
652
399
811
239
436
454
432
947
753
497
835
857
329
716
596
160
463
715
486
759
302
397
166
492
541
305
645
937
631
578
683
810
467
354
998
696
10
436
807
298
155
856
426
450
530
281
123
195
262
38
654
98
34
396
216
728
212
197
142
816
212
410
396
975
126
83
351
164
124
266
99
393
673
198
734
316
573
245
300
66
744
965
222
334
833
435
766
943
741
346
222
771
655
920
777
828
752
73
831
771
262
883
104
252
272
138
111
495
332
741
307
452
538
799
826
554
763
677
289
562
817
67
902
887
760
351
795
419
727
331
30
87
652
396
902
459
899
807
705
423
479
435
73
289
595
384
965
74
103
904
276
544
845
976
832
433
395
699
922
777
899
50
782
801
201
200
569
795
746
559
571
368
536
597
277
710
309
738
346
308
575
609
502
284
169
626
552
928
997
604
546
374
560
714
780
672
608
715
928
369
637
961
23
991
990
96
275
557
738
712
464
139
41
290
175
407
589
32
843
347
832
75
87
114
768
777
945
735
630
910
138
925
203
812
537
811
574
259
450
743
199
878
97
121
614
822
910
929
54
706
582
787
300
937
286
359
778
637
167
242
919
140
794
953
938
500
965
445
660
112
575
577
479
763
523
275
443
473
149
59
574
206
866
855
383
141
691
415
535
491
166
520
428
724
541
809
575
209
80
520
485
678
531
951
537
470
458
146
617
887
746
565
88
988
759
74
871
172
138
820
374
899
43
178
259
359
49
78
377
117
553
369
120
107
481
971
940
819
948
510
136
47
523
567
287
788
784
989
550
98
343
912
494
16
235
995
630
984
123
952
333
996
393
520
980
224
895
999
659
113
16
76
209
642
444
329
175
491
848
255
951
748
393
423
303
677
497
627
435
977
238
293
11
69
547
524
979
592
869
488
246
70
420
477
411
379
752
649
899
100
870
3
9
941
865
716
291
92
261
78
337
18
498
649
462
110
816
284
285
312
331
463
828
894
387
98
365
208
644
801
635
287
867
580
185
561
817
518
740
541
535
778
290
632
631
645
859
268
97
285
189
703
913
673
597
857
80
203
510
64
373
393
118
765
827
106
426
656
902
979
842
247
604
405
892
52
893
13
390
81
83
568
206
271
922
78
969
911
723
628
568
709
607
280
538
318
569
735
382
575
662
74
564
374
894
678
374
574
300
964
215
626
898
738
44
50
737
443
831
441
23
56
940
140
80
183
428
397
735
476
353
888
856
128
367
137
392
756
998
602
885
312
617
562
183
28
948
348
436
773
151
231
545
40
465
154
442
387
253
460
488
592
819
27
859
146
972
880
667
212
333
673
863
950
788
622
868
732
933
276
366
326
189
146
739
127
320
504
390
250
819
439
860
692
611
1000
849
645
961
215
229
6
990
691
881
23
435
97
945
118
677
243
21
465
633
295
246
193
276
534
171
400
950
915
433
900
129
314
208
529
209
577
733
393
220
65
380
247
561
446
351
747
686
741
747
111
106
142
825
451
145
939
592
902
805
943
243
915
140
266
148
512
944
110
456
566
196
823
111
14
316
313
398
923
956
199
640
612
651
463
922
73
693
54
306
116
895
245
542
899
269
887
302
400
504
434
788
1000
481
488
878
672
681
871
411
588
154
178
140
124
625
417
268
331
457
268
694
167
423
666
241
668
585
152
243
365
633
410
867
746
442
370
280
651
372
188
716
287
207
604
407
682
56
661
565
56
610
502
665
816
407
641
865
692
894
759
492
488
492
556
529
900
62
50
890
766
897
184
71
197
83
814
128
581
56
703
856
361
319
417
855
770
277
774
997
791
842
472
153
842
864
732
19
540
177
929
578
171
292
477
289
276
507
327
642
288
970
903
658
296
142
43
653
757
368
605
993
986
861
881
237
408
397
532
183
523
132
799
513
237
197
272
477
196
204
466
430
673
829
497
888
949
910
500
811
14
917
845
994
480
640
335
257
491
143
682
205
656
627
370
46
568
561
364
953
943
220
162
908
292
118
836
140
623
401
331
670
502
465
368
565
829
408
98
284
839
407
516
644
819
468
755
50
412
112
718
517
906
103
8
39
427
486
202
695
743
453
912
587
414
18
245
729
472
40
404
969
939
751
392
643
123
413
120
815
380
699
308
720
763
480
971
73
395
578
571
887
398
818
79
856
992
195
741
658
620
252
305
620
939
908
647
582
545
828
103
194
681
365
892
73
30
712
748
814
866
935
79
631
217
862
609
996
423
340
757
22
252
104
475
466
800
683
316
870
864
119
973
788
796
952
349
51
512
379
332
920
712
50
91
721
482
9
612
647
951
992
872
47
513
928
23
716
516
151
283
956
498
435
251
223
451
644
619
56
776
805
746
624
44
190
120
67
874
68
699
654
865
755
70
26
175
178
344
32
683
88
419
759
806
866
473
164
306
541
772
881
306
562
75
412
222
187
964
576
514
369
836
182
848
387
217
440
397
20
44
773
392
724
877
775
605
622
8
213
347
850
945
846
587
158
757
80
32
508
446
306
851
414
90
76
644
746
775
202
151
735
724
2
662
399
600
466
412
155
572
622
829
854
927
857
76
179
735
890
139
715
119
760
335
285
763
677
69
423
617
246
652
504
670
557
823
59
299
624
871
952
588
916
877
678
323
312
258
369
504
744
428
969
449
776
693
318
303
43
905
261
875
306
660
281
499
132
180
133
638
19
879
578
848
116
330
37
842
800
834
912
573
803
665
717
346
930
752
932
294
738
135
84
425
890
24
781
958
250
600
820
687
891
127
512
209
338
209
147
917
895
529
257
338
571
859
987
626
550
700
848
69
999
443
846
732
310
378
312
187
712
34
169
958
729
911
441
148
989
293
74
455
518
953
871
176
347
156
840
529
786
727
591
656
346
808
767
135
26
443
173
66
890
948
771
129
738
406
281
468
625
814
780
442
345
10
585
559
802
889
992
414
241
213
510
608
464
633
70
368
111
663
919
566
898
660
178
870
511
718
98
116
525
644
496
417
474
812
940
784
909
926
692
288
388
215
225
859
901
931
845
651
409
262
826
712
595
32
196
543
822
698
229
822
66
958
383
276
532
830
943
733
180
655
518
816
763
63
735
832
28
69
612
516
187
649
334
526
3
859
730
559
771
404
576
388
568
850
515
365
119
4
847
164
320
387
824
865
768
907
823
206
54
193
862
160
501
722
148
123
998
992
325
852
253
210
622
163
25
177
97
838
380
648
984
994
930
536
408
244
344
533
576
454
850
806
369
191
492
748
992
898
809
889
516
176
670
242
835
815
365
24
891
981
939
427
16
442
956
832
657
634
644
162
16
